2
12
18
20
21
22
27
31
32
34
36
37
38
39
41
47
48
50
51
53
54
56
59
89
90
95
98
100
101
103
104
114
117
120
131
132
133
140
143
146
147
150
154
162
165
166
175
178
182
191
196
202
207
208
210
215
217
220
221
230
231
246
249
259
262
267
272
283
287
290
291
292
302
308
309
311
314
316
320
327
329
332
333
335
341
347
350
351
360
363
366
367
369
375
378
379
381
382
384
389
390
391
394
397
403
408
409
415
419
429
440
468
473
475
479
481
482
483
490
492
493
495
501
513
514
521
523
525
526
533
535
538
545
546
549
558
563
567
571
577
578
580
581
582
583
587
590
594
595
596
597
598
602
604
607
617
622
627
629
631
633
634
639
641
642
644
646
654
658
659
660
663
667
668
670
672
675
677
684
685
686
687
699
701
706
710
715
716
717
718
719
720
721
726
727
728
729
738
740
752
754
757
761
768
770
771
773
776
778
781
782
783
784
788
793
794
795
797
799
800
801
805
808
813
814
815
816
817
823
827
832
834
836
837
839
840
842
843
847
860
861
862
865
868
871
883
885
886
890
891
892
894
896
898
899
901
916
917
922
933
943
949
950
953
954
957
958
961
963
965
967
970
972
975
976
983
990
991
993
994
995
1000
1002
1005
1006
1008
1010
1012
1018
1020
1021
1022
1027
1033
1036
1038
1039
1047
1052
1053
1056
1058
1060
1062
1063
1069
1073
1102
1106
1107
1109
1112
1113
1121
1123
1130
1131
1133
1135
1138
1143
1152
1155
1159
1160
1164
1173
1174
1181
1183
1184
1187
1193
1212
1244
1259
1262
1263
1264
1271
1282
1284
1290
1291
1295
1310
1311
1316
1317
1329
1340
1346
1347
1349
1350
1353
1356
1364
1369
1371
1373
1374
1376
1382
1385
1386
1389
1395
1397
1400
1404
1406
1410
1413
1415
1420
1421
1429
1431
1432
1439
1452
1454
1455
1462
1464
1465
1472
1479
1490
1491
1493
1504
1506
1512
1513
1514
1519
1520
1522
1525
1528
1535
1540
1572
1573
1582
1586
1601
1604
1613
1616
1622
1627
1629
1630
1632
1633
1639
1642
1645
1646
1647
1654
1659
1662
1666
1669
1673
1674
1675
1690
1717
1718
1727
1728
1729
1737
1741
1742
1745
1746
1749
1759
1760
1763
1767
1774
1775
1781
1783
1788
1794
1795
1796
1803
1806
1815
1816
1818
1819
1831
1832
1836
1839
1840
1842
1843
1845
1846
1847
1849
1854
1869
1880
1890
1891
1892
1893
1901
1902
1907
1910
1911
1912
1942
1944
1946
1948
1950
1953
1954
1959
1961
1964
1965
1969
1977
1979
1981
1982
1991
1992
1993
1994
1998
2000
2002
2004
2005
2009
2011
2012
2016
2022
2029
2030
2037
2042
2043
2045
2047
2049
2053
2054
2055
2058
2059
2065
2068
2074
2081
2100
2107
2109
2110
2113
2115
2118
2120
2122
2125
2134
2135
2138
2149
2150
2151
2157
2166
2171
2172
2173
2177
2180
2181
2182
2184
2186
2187
2188
2191
2192
2196
2202
2205
2207
2213
2217
2222
2224
2232
2235
2239
2241
2244
2246
2247
2252
2253
2258
2259
2260
2263
2264
2275
2287
2295
2297
2304
2305
2307
2313
2314
2316
2317
2321
2323
2326
2330
2335
2342
2346
2352
2355
2356
2358
2491
2517
2519
2523
2527
2530
2533
2537
2539
2542
2548
2549
2550
2551
2553
2556
2558
2566
2567
2581
2582
2588
2589
2590
2592
2593
2595
2596
2621
2622
2633
2634
2635
2637
2639
2643
2645
2650
2651
2653
2668
2673
2674
2677
2683
2686
2687
2695
2703
2707
2709
2712
2717
2729
2731
2737
2739
2744
2745
2760
2762
2778
2786
2788
2791
2796
2799
2801
2804
2815
2820
2821
2823
2825
2827
2837
2842
2852
2859
2861
2862
2863
2865
2867
2872
2878
2879
2882
2886
2888
2889
2895
2896
2898
2901
2902
2905
2907
2913
2934
2941
2946
2947
2950
2953
2956
2966
2967
2969
2987
3004
3006
3007
3008
3009
3012
3013
3017
3018
3024
3033
3035
3037
3046
3050
3053
3054
3060
3065
3066
3070
3073
3074
3075
3077
3078
3080
3090
3091
3092
3094
3096
3098
3099
3105
3106
3107
3108
3109
3111
3112
3113
3115
3116
3117
3118
3119
3120
3122
3123
3127
3131
3133
3134
3135
3137
3139
3140
3141
3146
3148
3149
3155
3156
3157
3161
3167
3169
3170
3171
3174
3176
3178
3187
3195
3199
3202
3204
3212
3214
3215
3216
3218
3224
3227
3228
3232
3233
3234
3237
3239
3241
3266
3270
3275
3276
3280
3290
3291
3293
3295
3298
3306
3312
3315
3350
3352
3357
3359
3362
3363
3371
3383
3386
3396
3397
3399
3417
3418
3419
3422
3426
3428
3429
3430
3431
3433
3434
3437
3455
3460
3475
3476
3480
3482
3485
3487
3488
3489
3491
3553
3559
3563
3566
3574
3575
3579
3592
3594
3597
3600
3601
3603
3604
3606
3611
3612
3614
3619
3620
3622
3626
3627
3631
3632
3636
3638
3643
3646
3651
3654
3659
3660
3661
3662
3669
3670
3672
3673
3676
3680
3685
3689
3690
3691
3693
3695
3700
3702
3706
3709
3710
3717
3732
3735
3743
3749
3750
3755
3756
3767
3770
3773
3782
3783
3796
3798
3812
3817
3820
3821
3832
3833
3835
3838
3842
3850
3854
3855
3856
3857
3860
3861
3868
3875
3883
3885
3886
3887
3888
3890
3892
3897
3899
3910
3913
3914
3920
3930
3931
3934
3936
3937
3938
3956
3959
3977
3980
3983
3984
3987
3988
3992
3995
4000
4001
4008
4013
4017
4023
4026
4035
4038
4041
4045
4047
4048
4052
4059
4060
4061
4067
4069
4081
4082
4084
4085
4097
4102
4105
4110
4116
4121
4125
4126
4128
4129
4131
4133
4135
4142
4147
4149
4151
4158
4166
4175
4189
4192
4193
4208
4211
4212
4217
4223
4233
4236
4240
4242
4248
4249
4255
4256
4257
4258
4259
4282
4283
4288
4291
4292
4296
4299
4300
4301
4303
4312
4313
4314
4317
4319
4321
4325
4338
4343
4345
4351
4356
4359
4361
4430
4435
4486
4490
4495
4499
4502
4507
4508
4509
4512
4513
4519
4520
4521
4522
4524
4544
4547
4552
4582
4591
4595
4598
4599
4602
4603
4605
4607
4609
4610
4615
4616
4617
4628
4635
4642
4644
4645
4650
4651
4654
4660
4664
4668
4671
4674
4675
4678
4682
4683
4692
4693
4694
4696
4697
4698
4701
4702
4704
4709
4712
4714
4715
4725
4734
4735
4739
4747
4751
4771
4773
4774
4779
4781
4784
4791
4800
4803
4804
4810
4811
4814
4817
4821
4833
4835
4837
4841
4851
4854
4857
4858
4860
4861
4864
4867
4869
4881
4883
4891
4897
4899
4907
4913
4919
4922
4924
4925
4926
4929
4938
4939
4940
4942
4943
4958
4968
4976
4982
4991
4992
4993
4994
4995
5001
5004
5020
5023
5025
5026
5027
5042
5046
5048
5050
5051
5055
5058
5071
5074
5075
5077
5087
5089
5090
5091
5095
5096
5097
5104
5105
5106
5108
5118
5122
5129
5130
5134
5136
5137
5139
5140
5148
5150
5152
5153
5155
5156
5159
5161
5162
5164
5165
5166
5167
5168
5169
5176
5187
5189
5191
5192
5194
5198
5204
5208
5209
5210
5211
5212
5213
5217
5218
5226
5236
5238
5239
5252
5265
5266
5267
5274
5277
5283
5287
5292
5295
5296
5303
5305
5310
5319
5320
5321
5324
5326
5327
5329
5331
5332
5334
5337
5339
5340
5342
5343
5345
5347
5348
5349
5350
5354
5356
5357
5358
5359
5360
5362
5365
5367
5371
5372
5396
5407
5411
5412
5422
5423
5424
5427
5429
5430
5433
5437
5438
5440
5445
5451
5453
5462
5464
5468
5481
5494
5516
5522
5523
5524
5528
5530
5532
5533
5535
5545
5547
5550
5552
5554
5563
5565
5569
5570
5573
5576
5577
5578
5580
5581
5586
5587
5588
5589
5590
5592
5595
5602
5604
5608
5611
5612
5613
5618
5621
5627
5629
5630
5635
5641
5651
5652
5653
5654
5670
5684
5686
5688
5696
5697
5698
5699
5705
5708
5718
5720
5721
5723
5726
5730
5734
5738
5739
5744
5747
5754
5764
5771
5774
5775
5780
5781
5782
5783
5786
5789
5795
5796
5799
5800
5802
5803
5806
5817
5819
5825
5831
5833
5837
5859
5860
5862
5863
5864
5865
5866
5870
5871
5872
5874
5875
5881
5890
5891
5896
5898
5899
5903
5905
5908
5911
5912
5913
5915
5916
5920
5925
5926
5930
5933
5934
5947
5950
5955
5959
5966
5970
5984
5986
5990
5991
5993
5994
5997
6001
6004
6017
6038
6041
6047
6048
6051
6059
6080
6091
6092
6096
6118
6121
6137
6138
6139
6146
6147
6150
6152
6166
6193
6195
6196
6206
6242
6249
6256
6257
6271
6272
6273
6274
6275
6278
6285
6286
6289
6296
6302
6303
6307
6309
6310
6318
6319
6326
6329
6331
6334
6335
6339
6347
6356
6370
6373
6375
6376
6382
6383
6385
6386
6389
6397
6398
6400
6405
6414
6415
6419
6427
6429
6431
6432
6443
6444
6445
6446
6447
6448
6450
6451
6453
6461
6470
6482
6483
6489
6491
6496
6498
6503
6505
6506
6509
6510
6513
6518
6520
6524
6525
6526
6528
6533
6535
6536
6542
6555
6556
6560
6563
6567
6569
6572
6575
6576
6580
6583
6584
6590
6591
6594
6595
6598
6602
6612
6615
6616
6617
6622
6625
6626
6632
6633
6636
6637
6642
6647
6648
6649
6650
6652
6654
6657
6660
6663
6664
6672
6675
6693
6695
6709
6711
6713
6717
6720
6721
6722
6725
6728
6730
6737
6744
6747
6750
6754
6757
6759
6764
6769
6772
6773
6774
6775
6778
6781
6782
6783
6786
6789
6790
6791
6792
6793
6809
6811
6812
6819
6821
6830
6836
6840
6843
6846
6854
6860
6866
6867
6876
6878
6883
6884
6890
6891
6892
6894
6897
6899
6900
6901
6904
6905
6913
6916
6917
6919
6925
6928
6935
6947
6948
6950
6990
6992
6993
7008
7009
7011
7016
7018
7020
7021
7023
7029
7031
7035
7036
7037
7039
7040
7041
7043
7045
7048
7052
7056
7059
7067
7068
7072
7074
7083
7086
7090
7091
7093
7098
7099
7105
7110
7111
7125
7130
7132
7133
7145
7146
7148
7150
7153
7157
7158
7163
7164
7165
7167
7169
7171
7178
7181
7190
7205
7260
7262
7265
7266
7267
7272
7286
7290
7294
7296
7301
7314
7318
7327
7334
7341
7349
7351
7357
7358
7360
7364
7368
7375
7379
7381
7385
7386
7390
7391
7402
7405
7407
7410
7412
7422
7424
7425
7430
7432
7434
7436
7447
7453
7456
7461
7464
7474
7476
7483
7484
7485
7486
7504
7511
7515
7525
7535
7538
7546
7552
7554
7555
7559
7579
7582
7586
7589
7594
7596
7627
7629
7633
7637
7638
7644
7694
7695
7703
7705
7726
7727
7730
7737
7738
7741
7746
7754
7760
7761
7763
7779
7781
7782
7784
7786
7799
7805
7813
7818
7832
7837
7840
7844
7846
7855
7871
7873
7881
7903
7915
7920
7923
7941
7965
7993
8000
8021
8027
8038
8061
8074
8078
8086
8092
8099
8123
8131
8139
8140
8148
8161
8178
8187
8204
8225
8226
8237
8239
8242
8269
8277
8284
8289
8293
8302
8309
8310
8317
8318
8324
8326
8329
8330
8331
8332
8335
8336
8337
8338
8339
8340
8341
8342
8343
8344
8345
8346
8347
8348
8349
8350
8351
8352
8353
8354
8355
8356
8357
8358
8369
8383
8392
8395
8399
8402
8406
8407
8418
8420
8431
8439
8444
8450
8452
8453
8458
8462
8463
8464
8471
8473
8476
8480
8484
8487
8490
8493
8495
8496
8501
8503
8505
8506
8508
8510
8515
8516
8517
8519
8522
8526
8527
8528
8529
8530
8534
8542
8543
8544
8549
8553
8556
8557
8560
8567
8569
8573
8574
8576
8601
8604
8613
8614
8623
8626
8633
8634
8638
8639
8643
8644
8648
8649
8650
8653
8654
8658
8669
8673
8674
8676
8682
8692
8694
8697
8701
8708
8714
8720
8721
8722
8725
8727
8728
8731
8735
8736
8739
8740
8743
8745
8764
8766
8775
8777
8780
8784
8793
8797
8801
8804
8808
8809
8816
8818
8819
8821
8824
8825
8828
8835
8836
8838
8844
8850
8852
8858
8863
8869
8877
8878
8879
8881
8882
8883
8884
8886
8891
8900
8906
8909
8910
8911
8925
8933
8936
8968
8969
8970
8975
8989
8991
8992
8994
8997
9019
9020
9021
9023
9028
9032
9049
9050
9052
9055
9057
9060
9061
9066
9068
9070
9081
9083
9085
9087
9103
9107
9111
9120
9121
9122
9130
9133
9134
9136
9145
9146
9149
9159
9162
9167
9173
9175
9185
9187
9194
9197
9200
9203
9205
9212
9214
9221
9230
9232
9240
9241
9246
9253
9255
9258
9262
9263
9265
9266
9267
9282
9284
9297
9298
9299
9300
9301
9302
9303
9304
9310
9312
9315
9317
9318
9319
9322
9324
9330
9343
9344
9349
9353
9367
9369
9374
9376
9380
9389
9392
9400
9404
9411
9413
9415
9416
9419
9422
9423
9426
9429
9440
9442
9445
9447
9453
9454
9459
9462
9463
9465
9466
9468
9469
9472
9482
9493
9498
9500
9507
9508
9510
9512
9516
9519
9522
9524
9525
9535
9536
9540
9553
9556
9569
9570
9572
9575
9577
9580
9581
9582
9584
9587
9600
9601
9603
9605
9615
9617
9619
9625
9626
9632
9637
9641
9644
9645
9648
9651
9653
9656
9657
9663
9665
9666
9670
9672
9673
9678
9689
9699
9706
9709
9712
9720
9723
9725
9731
9732
9734
9737
9749
9750
9755
9758
9764
9765
9767
9771
9772
9777
9779
9780
9781
9786
9787
9789
9791
9792
9804
9812
9818
9820
9824
9827
9829
9830
9832
9833
9836
9839
9843
9844
9847
9848
9853
9854
9867
9870
9873
9879
9880
9881
9883
9884
9891
9894
9898
9899
9900
9901
9902
9903
9905
9908
9918
9919
9921
9923
9924
9928
9929
9935
9936
9937
9939
9943
9946
9947
9949
9950
9958
9961
9962
9967
9968
9975
9976
9978
9980
9987
9990
9994
10001
10010
10013
10014
10015
10018
10019
10021
10024
10025
10039
10051
10056
10058
10061
10062
10063
10067
10068
10069
10073
10079
10081
10085
10090
10095
10096
10098
10099
10100
10103
10105
10111
10112
10117
10120
10121
10125
10131
10133
10136
10137
10140
10142
10146
10148
10150
10152
10154
10157
10160
10161
10162
10163
10165
10172
10175
10178
10181
10194
10200
10203
10204
10211
10213
10214
10215
10216
10220
10221
10223
10224
10226
10234
10237
10241
10244
10247
10250
10252
10254
10260
10262
10272
10276
10286
10297
10307
10314
10317
10327
10330
10336
10346
10349
10362
10367
10370
10380
10381
10384
10385
10392
10395
10396
10397
10399
10401
10402
10404
10408
10410
10413
10420
10422
10424
10425
10428
10432
10434
10435
10436
10437
10440
10445
10446
10449
10451
10455
10457
10460
10466
10469
10475
10477
10478
10479
10484
10485
10486
10488
10489
10491
10492
10495
10499
10501
10509
10512
10513
10520
10521
10522
10523
10525
10526
10531
10533
10537
10544
10548
10549
10554
10561
10566
10573
10577
10580
10581
10589
10591
10599
10610
10615
10616
10617
10622
10625
10629
10631
10633
10643
10644
10650
10652
10655
10657
10659
10673
10683
10687
10691
10695
10699
10712
10717
10720
10721
10723
10733
10741
10745
10750
10755
10758
10762
10763
10766
10767
10768
10771
10776
10778
10787
10788
10791
10794
10795
10797
10810
10811
10825
10826
10838
10846
10848
10849
10855
10861
10866
10873
10874
10875
10888
10892
10893
10896
10904
10905
10906
10907
10911
10915
10916
10919
10924
10929
10930
10936
10938
10941
10944
10949
10951
10952
10961
10962
10964
10966
10969
10973
10979
10981
10982
10991
10993
10994
10999
11004
11009
11010
11014
11015
11019
11023
11024
11025
11031
11033
11034
11037
11040
11043
11045
11046
11052
11054
11057
11059
11064
11065
11066
11068
11069
11070
11074
11076
11078
11080
11082
11091
11098
11100
11101
11102
11105
11107
11113
11117
11118
11119
11120
11123
11127
11130
11133
11141
11142
11144
11145
11147
11149
11151
11152
11153
11155
11156
11161
11167
11169
11171
11174
11176
11178
11182
11186
11196
11199
11200
11212
11218
11221
11226
11228
11230
11231
11234
11236
11237
11243
11244
11249
11251
11252
11255
11257
11258
11261
11272
11274
11279
11284
11313
11319
11320
11329
11330
11332
11334
11340
11341
11342
11343
11345
11346
22800
22801
22806
22808
22809
22821
22823
22824
22832
22841
22843
22845
22846
22847
22848
22858
22859
22866
22871
22873
22877
22879
22880
22882
22883
22885
22894
22895
22897
22898
22902
22903
22904
22905
22908
22914
22920
22924
22925
22926
22927
22936
22941
22943
22955
22974
22978
22980
22984
22989
22992
22995
22998
23002
23008
23011
23013
23022
23024
23025
23028
23029
23032
23033
23036
23037
23038
23043
23046
23047
23057
23070
23072
23076
23078
23081
23086
23087
23089
23093
23099
23102
23107
23108
23120
23127
23140
23143
23150
23152
23155
23157
23170
23171
23172
23174
23179
23191
23193
23201
23203
23204
23209
23211
23212
23213
23219
23224
23229
23231
23233
23234
23240
23242
23243
23246
23248
23250
23252
23253
23254
23255
23258
23259
23261
23264
23266
23268
23272
23279
23284
23285
23286
23291
23293
23303
23304
23308
23309
23310
23312
23315
23321
23322
23327
23328
23329
23333
23334
23338
23345
23348
23351
23352
23355
23357
23362
23367
23371
23373
23378
23384
23390
23395
23397
23405
23414
23417
23424
23426
23428
23433
23435
23446
23451
23452
23456
23457
23460
23461
23466
23473
23474
23479
23480
23493
23500
23506
23507
23509
23515
23516
23518
23522
23523
23526
23529
23530
23531
23532
23534
23541
23542
23544
23549
23552
23554
23556
23559
23560
23564
23576
23580
23586
23588
23589
23593
23594
23597
23600
23603
23607
23608
23612
23613
23616
23617
23623
23629
23630
23635
23639
23642
23643
23645
23647
23648
23677
23678
23683
23710
23741
23742
23743
23762
23770
23780
24137
24140
24146
24147
25758
25766
25769
25771
25777
25780
25782
25793
25794
25797
25798
25801
25813
25820
25824
25826
25827
25828
25830
25831
25834
25839
25840
25841
25847
25850
25861
25864
25865
25870
25885
25890
25891
25895
25897
25898
25906
25911
25914
25921
25923
25926
25927
25934
25937
25938
25939
25941
25942
25943
25946
25948
25953
25959
25960
25970
25974
25979
25980
25981
25988
25992
25994
25996
25999
26001
26002
26003
26009
26010
26018
26020
26031
26034
26036
26037
26038
26052
26056
26063
26064
26065
26070
26071
26080
26084
26092
26094
26095
26098
26108
26115
26119
26128
26135
26136
26137
26140
26147
26150
26157
26167
26175
26184
26188
26189
26191
26207
26220
26223
26229
26230
26234
26248
26249
26256
26258
26260
26262
26269
26270
26271
26272
26275
26277
26278
26286
26291
26330
26353
26354
26355
26470
26472
26496
26509
26511
26524
26539
26575
26577
26578
26580
26586
26683
26772
26773
26779
26786
26789
26790
26791
26808
26809
26810
26813
26821
26824
26831
26832
26851
26872
26873
26959
26974
26993
26996
27005
27012
27018
27034
27069
27071
27074
27075
27077
27086
27098
27107
27112
27113
27122
27123
27129
27145
27148
27151
27152
27153
27158
27161
27163
27165
27166
27175
27185
27190
27198
27229
27230
27235
27237
27238
27241
27242
27244
27246
27248
27250
27253
27254
27285
27286
27291
27295
27302
27303
27304
27314
27333
27336
27338
27340
27342
27345
27347
27350
27430
27436
27440
27445
28232
28234
28512
28513
28951
28955
28958
28964
28966
28969
28970
28971
28976
28978
28981
28988
28990
29015
29028
29035
29057
29058
29071
29074
29078
29080
29082
29083
29087
29090
29094
29099
29100
29109
29116
29123
29124
29126
29127
29761
29767
29780
29803
29842
29844
29855
29880
29887
29894
29895
29896
29899
29902
29903
29906
29914
29915
29919
29925
29931
29933
29934
29946
29949
29953
29954
29957
29958
29966
29968
29984
29985
29990
30008
30012
30814
30815
30837
30844
43849
49855
50484
50486
50487
50507
50515
50617
50649
50650
50801
50810
50831
50832
50834
50839
50848
50853
50855
50856
50861
50862
50863
50937
50964
51000
51002
51004
51006
51009
51011
51016
51020
51026
51029
51030
51031
51032
51052
51053
51054
51056
51057
51061
51063
51065
51066
51071
51074
51076
51077
51083
51092
51099
51102
51106
51109
51112
51118
51119
51124
51129
51131
51132
51133
51134
51138
51143
51151
51166
51170
51171
51172
51174
51175
51176
51179
51181
51186
51191
51193
51195
51196
51200
51203
51205
51206
51226
51228
51231
51236
51248
51251
51255
51256
51265
51275
51280
51283
51293
51295
51296
51299
51303
51306
51308
51316
51317
51334
51335
51343
51347
51351
51352
51363
51367
51375
51377
51382
51393
51397
51400
51421
51422
51426
51434
51439
51458
51460
51474
51475
51477
51478
51479
51490
51493
51497
51499
51503
51512
51514
51523
51526
51528
51529
51538
51540
51548
51550
51555
51564
51567
51569
51585
51593
51605
51611
51614
51617
51622
51626
51633
51639
51642
51646
51650
51652
51657
51661
51663
51667
51676
51693
51700
51701
51703
51704
51715
51716
51725
51734
51744
51747
51752
51755
51759
51762
51765
51805
51806
51808
51809
53340
53343
53346
53349
53353
53373
53616
53630
53635
53822
53827
53905
53916
53917
53918
53938
53940
53942
54033
54039
54094
54103
54106
54143
54149
54205
54329
54331
54360
54414
54429
54434
54439
54442
54443
54455
54458
54464
54465
54475
54477
54478
54487
54491
54494
54497
54499
54502
54503
54504
54507
54510
54517
54520
54521
54531
54536
54537
54538
54546
54550
54551
54557
54558
54583
54602
54620
54622
54625
54661
54677
54680
54716
54718
54726
54734
54739
54742
54749
54757
54762
54763
54777
54797
54800
54801
54802
54809
54820
54821
54823
54825
54828
54830
54832
54834
54839
54842
54845
54849
54850
54851
54852
54855
54859
54865
54867
54869
54874
54875
54876
54888
54891
54892
54896
54898
54908
54913
54916
54918
54921
54928
54929
54930
54931
54936
54938
54943
54944
54949
54952
54955
54958
54961
54967
54968
54969
54971
54980
54986
54989
54997
55008
55014
55018
55020
55026
55027
55030
55048
55056
55062
55063
55070
55073
55074
55075
55076
55080
55081
55082
55083
55084
55088
55092
55096
55101
55103
55106
55107
55112
55114
55116
55119
55120
55124
55125
55128
55131
55137
55139
55142
55143
55148
55152
55157
55161
55165
55167
55172
55173
55175
55177
55178
55180
55186
55187
55188
55190
55205
55206
55209
55211
55217
55223
55224
55225
55227
55230
55236
55237
55239
55240
55244
55247
55251
55254
55255
55256
55258
55269
55270
55273
55276
55279
55281
55283
55285
55286
55290
55296
55297
55300
55304
55313
55314
55316
55317
55320
55322
55326
55329
55331
55332
55333
55335
55337
55342
55345
55351
55355
55356
55357
55362
55366
55374
55379
55384
55388
55425
55432
55435
55450
55500
55504
55507
55508
55509
55512
55526
55534
55536
55552
55558
55568
55573
55577
55584
55586
55588
55601
55602
55603
55604
55605
55609
55610
55613
55614
55616
55617
55619
55620
55623
55624
55629
55638
55643
55644
55647
55652
55654
55655
55657
55659
55671
55676
55683
55689
55690
55691
55696
55698
55701
55705
55711
55726
55729
55731
55733
55741
55744
55748
55750
55756
55759
55762
55764
55766
55769
55771
55777
55779
55781
55783
55785
55786
55787
55789
55790
55791
55793
55796
55798
55799
55802
55810
55812
55816
55818
55819
55821
55824
55825
55827
55829
55830
55831
55835
55839
55841
55844
55847
55852
55853
55856
55857
55861
55869
55872
55876
55890
55894
55902
55904
55906
55916
55917
55929
55957
55959
55966
55971
55974
55975
55997
56005
56052
56062
56121
56122
56123
56124
56125
56126
56128
56129
56130
56131
56132
56133
56138
56154
56160
56164
56172
56180
56181
56241
56243
56254
56260
56265
56267
56270
56288
56339
56344
56474
56475
56477
56478
56479
56521
56603
56605
56648
56652
56654
56659
56660
56662
56672
56676
56683
56704
56829
56832
56886
56888
56890
56895
56898
56900
56901
56902
56906
56907
56911
56922
56923
56927
56940
56941
56943
56944
56945
56948
56950
56951
56957
56961
56965
56969
56971
56975
56983
56984
56985
56987
56992
56995
56998
56999
57037
57048
57050
57082
57088
57089
57091
57093
57097
57099
57103
57104
57106
57107
57109
57124
57136
57147
57149
57150
57153
57154
57156
57158
57165
57167
57168
57178
57179
57180
57181
57184
57185
57186
57191
57194
57198
57205
57209
57210
57211
57212
57214
57221
57222
57224
57228
57337
57343
57348
57380
57393
57403
57405
57407
57412
57419
57446
57447
57451
57452
57456
57458
57460
57462
57463
57465
57467
57470
57474
57476
57478
57480
57484
57488
57492
57493
57496
57497
57501
57507
57508
57509
57511
57512
57514
57522
57528
57532
57536
57541
57544
57545
57547
57552
57556
57560
57562
57567
57568
57571
57574
57575
57582
57587
57589
57590
57602
57613
57614
57616
57619
57620
57621
57623
57631
57633
57639
57643
57646
57647
57655
57661
57664
57674
57684
57687
57688
57690
57691
57693
57697
57700
57706
57707
57708
57710
57713
57715
57716
57717
57718
57720
57721
57722
57728
57730
57731
57733
57758
57763
57795
57804
57819
57821
57823
57829
57864
58155
58158
58191
58472
58478
58480
58489
58494
58495
58497
58504
58526
58531
58533
58538
58985
59269
59271
59277
59335
59338
59342
59345
59348
60312
60313
60314
60370
60401
60436
60485
60487
60489
60496
60509
60529
60558
60598
60626
60676
60686
63035
63874
63894
63899
63901
63905
63906
63908
63910
63916
63917
63920
63924
63926
63935
63941
63946
63950
63976
63979
63982
64073
64084
64087
64089
64090
64098
64106
64108
64114
64118
64121
64129
64130
64135
64151
64167
64172
64184
64208
64210
64215
64220
64221
64224
64240
64283
64284
64318
64327
64333
64393
64395
64400
64405
64411
64417
64418
64421
64427
64428
64430
64506
64598
64682
64699
64743
64744
64745
64748
64754
64755
64759
64761
64762
64764
64768
64770
64773
64778
64779
64784
64788
64792
64795
64798
64802
64816
64837
64839
64841
64854
64855
64857
64859
64863
64864
64901
64921
64926
64927
64928
64940
64943
64946
64949
64963
64975
65009
65059
65084
65123
65125
65217
65244
65251
65266
65267
65977
65979
65983
65991
65992
66000
66005
78988
78995
78996
78997
79003
79007
79009
79012
79020
79023
79026
79029
79033
79034
79036
79054
79056
79058
79071
79073
79075
79083
79085
79087
79088
79089
79092
79096
79098
79102
79132
79135
79137
79140
79142
79153
79154
79155
79157
79168
79172
79177
79187
79228
79269
79290
79295
79317
79324
79339
79345
79363
79364
79365
79366
79411
79473
79544
79568
79576
79581
79583
79594
79595
79598
79600
79602
79603
79608
79616
79618
79622
79623
79627
79631
79632
79633
79639
79642
79644
79647
79651
79658
79659
79663
79664
79665
79670
79671
79672
79673
79674
79683
79689
79693
79694
79695
79699
79701
79707
79710
79711
79713
79717
79719
79722
79724
79726
79727
79733
79739
79742
79744
79745
79748
79750
79752
79763
79772
79774
79776
79783
79789
79791
79792
79794
79800
79811
79814
79815
79818
79819
79822
79823
79827
79828
79829
79830
79832
79833
79837
79839
79840
79841
79842
79844
79846
79847
79848
79850
79856
79858
79863
79864
79866
79867
79870
79876
79877
79885
79890
79893
79894
79896
79905
79912
79913
79915
79918
79924
79930
79932
79933
79934
79935
79937
79939
79944
79949
79958
79960
79971
79974
79979
79983
79991
79993
80005
80007
80008
80010
80017
80023
80024
80025
80036
80039
80045
80054
80055
80063
80071
80095
80108
80114
80115
80127
80144
80167
80174
80196
80199
80208
80209
80210
80216
80221
80224
80228
80235
80256
80264
80267
80301
80306
80309
80310
80312
80316
80318
80320
80321
80328
80339
80344
80345
80347
80380
80381
80704
80727
80742
80746
80763
80818
80830
80832
80833
80834
80854
81035
81037
81282
81392
81399
81469
81490
81491
81493
81501
81533
81537
81539
81555
81562
81570
81571
81572
81602
81603
81605
81609
81610
81611
81614
81615
81617
81618
81619
81624
81688
81691
81697
81706
81786
81788
81789
81790
81792
81796
81846
81847
81848
81849
81855
81856
81857
81875
81876
81888
81889
81890
81894
81926
81928
81930
81932
83443
83444
83449
83451
83461
83468
83481
83540
83543
83544
83546
83605
83638
83643
83648
83650
83655
83660
83666
83667
83690
83694
83695
83696
83698
83699
83700
83734
83743
83744
83786
83853
83857
83862
83871
83872
83874
83877
83878
83888
83890
83891
83903
83930
83935
83938
83943
83956
83982
83983
83987
83989
83990
83999
84056
84057
84058
84064
84072
84077
84078
84100
84101
84102
84105
84108
84109
84125
84132
84134
84135
84140
84141
84142
84146
84153
84154
84159
84163
84166
84167
84168
84171
84173
84174
84182
84187
84188
84210
84216
84217
84218
84220
84223
84224
84232
84236
84240
84243
84246
84248
84258
84263
84265
84270
84271
84272
84273
84274
84275
84280
84283
84285
84286
84287
84292
84293
84295
84298
84303
84306
84312
84314
84316
84318
84319
84326
84328
84330
84333
84334
84340
84436
84441
84445
84449
84450
84455
84456
84503
84504
84516
84519
84520
84527
84529
84541
84542
84547
84561
84612
84622
84627
84628
84632
84634
84636
84650
84656
84657
84662
84665
84668
84676
84677
84679
84691
84694
84695
84698
84700
84707
84722
84734
84747
84765
84767
84792
84795
84818
84824
84832
84837
84848
84861
84869
84873
84879
84883
84886
84888
84893
84898
84899
84901
84902
84909
84910
84911
84913
84924
84926
84930
84932
84938
84940
84941
84945
84959
84962
84964
84975
84978
84983
84987
84988
84992
84993
85012
85014
85019
85028
85235
85236
85294
85313
85352
85360
85363
85365
85377
85389
85390
85391
85406
85407
85413
85415
85441
85443
85451
85457
85458
85461
85478
85480
87178
88455
89766
89795
89796
89801
89839
89853
89858
89866
89876
89894
89927
89944
89978
90075
90113
90121
90139
90199
90226
90233
90293
90333
90338
90362
90407
90410
90411
90416
90423
90441
90507
90557
90576
90580
90627
90634
90637
90639
90649
90701
90809
90826
90835
90843
90853
90952
90956
90993
91039
91057
91074
91120
91133
91147
91151
91252
91283
91289
91319
91351
91392
91404
91409
91523
91543
91574
91607
91614
91624
91646
91647
91653
91661
91683
91687
91703
91750
91768
91775
91782
91851
91869
91875
91893
91949
91977
92017
92070
92092
92104
92126
92170
92181
92211
92241
92255
92283
92305
92370
92579
92597
92610
92667
92703
92714
92737
92745
92747
92797
92799
92815
92906
92935
92949
93010
93099
93129
93134
93145
93273
93349
93380
93436
93587
93594
93621
93624
93627
93649
93663
93664
93974
93978
93986
94005
94015
94030
94059
94086
94097
94120
94122
94240
94241
96459
112476
112495
112597
112609
112611
112616
112840
112849
112936
112939
113000
113115
113146
113235
113263
113277
113278
113402
113444
113451
113452
113612
113622
113655
113675
113730
113746
113791
113829
114088
114112
114134
114294
114569
114614
114758
114769
114794
114801
114804
114805
114815
114881
114883
114899
114904
114907
114926
114932
115209
115265
115273
115290
115330
115361
115362
115557
115708
115749
115752
115811
115817
115825
115908
115939
115948
116064
116071
116093
116135
116138
116173
116211
116225
116372
116441
116447
116496
116512
116534
116840
116931
116984
116985
116987
117145
117156
117157
117166
117196
117579
117584
118421
118426
118427
118429
118487
118490
118611
118980
118987
119504
119687
119692
119694
119710
119774
120146
120379
120586
120863
120939
121227
121441
121512
121536
121549
121599
121601
121642
122011
122060
122183
122665
122704
122830
122945
123016
123228
123355
123720
123775
123803
123811
123920
124152
124222
124446
124540
124599
124857
124912
124923
124925
125336
125476
125963
125988
126068
126123
126147
126206
126248
126282
126308
126353
126364
126382
126393
126433
126626
126767
126792
126868
126961
127253
127255
127544
127602
127670
127700
127933
128312
128322
128368
128372
128486
128488
128553
128602
128653
128817
128822
128854
128859
128864
129049
129080
129303
129450
129607
129685
129790
129807
130074
130132
130162
130271
130355
130399
130497
130502
130507
130557
130576
130814
130872
130940
131578
131583
131601
132014
132320
132321
132332
133308
133396
133418
133619
133686
133746
134145
134147
134218
134265
134429
134430
134492
134510
134728
135114
135250
135398
135458
136853
136895
137362
137682
137695
137797
137868
137872
137970
138050
138162
138241
138307
138311
138639
138716
138799
138883
139081
139170
139212
139221
139411
139562
139735
139741
139818
140453
140456
140462
140564
140606
140612
140680
140686
140688
140691
140700
140706
140730
140735
140766
140771
140775
140809
140831
140849
140856
140873
140890
140893
140901
142680
143187
143282
143501
143662
143686
143689
143872
143879
143903
144110
144132
144165
144193
144233
144348
144404
144455
144501
144699
144811
144983
145282
145389
145497
145501
145508
145741
145814
145853
145864
146198
146223
146336
146378
146456
146722
146853
146861
146862
146880
146909
147007
147011
147015
147429
147463
147495
147687
147694
147741
147841
147949
148022
148066
148103
148113
148137
148213
148231
148254
148479
148641
148898
148932
149041
149095
149297
149345
149420
149483
149563
149628
149837
149840
149998
150159
150160
150223
150290
150353
150365
150368
150383
150696
150737
150786
150864
150946
150967
151050
151174
151176
151230
151246
151254
151278
151313
151393
151516
151556
151636
151648
151887
151963
152007
152015
152118
152137
152185
152189
152195
152273
152330
152485
152519
152559
152573
152579
152586
152926
152940
153129
153222
153241
153339
153364
153478
153579
153642
153684
154043
154064
154091
154386
154467
154743
154796
154807
155054
155060
155061
155382
157313
157506
157570
157574
157638
157657
157773
157777
157983
158038
158056
158160
158219
158297
158326
158358
158381
158399
158401
158572
158586
158747
158801
158830
158833
158835
158931
159013
159090
159091
159125
159162
159371
159963
160428
160857
160897
161145
161247
161291
161357
161394
161436
161635
161742
161823
161835
162239
162282
162333
162394
162417
162540
162681
162699
162962
162966
162993
163081
163115
163131
163175
163223
163351
163720
163778
163786
164118
165215
165257
165904
166012
166336
166752
166785
166815
166929
167359
167410
167681
167691
168451
168455
169200
169693
169714
169966
170370
170463
170506
170589
170591
170622
170626
170679
170690
170691
170850
171023
171558
171586
192669
192683
193629
195827
195828
196051
196374
196394
196410
196441
196463
196472
196513
196913
196996
197259
197358
199692
199699
199713
199731
199870
199953
200035
200185
200232
200316
200558
200576
200765
200844
200845
200894
200916
200958
201161
201163
201164
201229
201266
201299
201626
201633
201725
201780
201799
201895
201965
202020
202052
202243
202333
202374
202459
202500
202559
203074
203076
203197
203228
203238
203286
203429
203522
203569
203611
204010
204219
204851
204962
205251
205428
205717
206358
206412
219285
219432
219527
219595
219654
219681
219790
219844
219855
219869
219927
219958
219959
219970
219981
219988
220064
220107
220134
220136
220164
220202
220213
220323
220441
220729
220929
220979
220988
220992
221002
221061
221154
221184
221294
221301
221322
221421
221442
221481
221656
221662
221687
221711
221749
221786
221806
221833
221895
221914
221935
221937
221955
221960
222166
222194
222235
222236
222389
222484
222487
222553
222584
222658
222698
222699
222901
223117
245932
245934
245973
246122
246176
246243
253017
253018
253152
253175
253461
253559
253582
253635
253738
253782
253827
253935
253982
254042
254048
254065
254128
254251
254263
254427
254531
254827
254863
255027
255057
255104
255189
255231
255275
255349
255738
255812
255926
256006
256144
256309
256356
256364
256394
256435
256933
257019
257068
257177
257203
257218
257358
257364
259173
259217
259232
259234
259266
259294
259295
259308
260293
266629
266675
266727
266977
267002
267004
267010
280658
280660
282616
282617
282763
283078
283116
283120
283149
283150
283208
283254
283298
283337
283358
283373
283377
283392
283417
283431
283460
283464
283471
283571
283576
283638
283659
283677
283748
283777
283807
283927
283932
283985
283987
284013
284018
284023
284047
284076
284098
284099
284110
284111
284119
284161
284233
284252
284254
284307
284309
284353
284355
284359
284365
284367
284370
284371
284382
284391
284402
284403
284415
284417
284422
284434
284611
284613
284702
284723
284739
284788
284837
284996
285033
285190
285343
285346
285381
285440
285464
285513
285521
285525
285540
285550
285636
285643
285671
285672
285704
285735
285753
285755
285761
285855
285958
285966
286076
286097
286234
286343
286365
286410
286495
286499
286530
286749
286753
286827
286887
286967
317649
317671
317761
317772
326625
333929
333932
337873
337875
337876
337878
337879
337880
337969
337971
337972
337977
337978
338322
338324
338376
338398
338428
338429
338599
338707
338785
338811
338821
338872
339044
339122
339123
339175
339184
339221
339230
339263
339287
339318
339344
339366
339390
339403
339416
339487
339541
339674
339742
339778
339789
339983
340061
340075
340168
340252
340267
340371
340481
340526
340529
340578
340591
340665
340784
341019
341418
341640
341947
342035
342618
342666
342892
342898
342908
342933
342945
342977
343069
343171
343406
343450
343521
343637
344148
344387
344595
344787
344805
344838
344905
344967
345062
345651
345757
345778
346007
346288
346689
347240
347365
347454
347516
347517
347686
347732
347734
347735
347741
347902
348254
348327
348645
348738
348932
348980
349075
349136
352909
352954
353088
353091
353134
353135
353140
353141
353144
353189
353274
359948
360023
373156
373856
374354
374383
374393
374395
374618
374768
374819
374860
374872
374875
374887
374899
374900
374928
374955
374973
375033
375035
375189
375248
375316
375337
375387
375444
375484
375567
375612
375757
376267
376497
376940
377007
378708
378805
378925
386676
386677
386679
386680
386681
386724
386746
386757
387103
387119
387129
387263
387509
387628
387646
387695
387707
387733
387742
387751
387849
387911
388007
388015
388021
388115
388403
388407
388499
388533
388551
388558
388567
388581
388646
388685
388692
388753
388815
388965
389118
389123
389136
389151
389203
389206
389208
389257
389289
389337
389383
389432
389493
389524
389558
389649
389677
389692
389840
389856
389857
389898
390010
390037
390061
390067
390075
390148
390201
390261
390442
390539
390594
390637
390651
390664
390928
391059
391109
391114
391190
391192
391211
391356
391712
391723
392309
392391
392617
392636
399664
399687
399694
399726
399821
399844
399888
399940
399947
400058
400073
400451
400511
400566
400569
400578
400627
400658
400696
400710
400720
400745
400746
400759
400867
400941
400954
400960
400966
401124
401127
401258
401265
401337
401387
401466
401491
401535
401541
401548
401992
402055
402415
402682
402778
403244
404550
404552
404636
405753
406882
406884
406885
406886
406896
406902
406905
406922
406941
406945
406947
406949
406951
406955
406958
406960
406969
406988
406995
406997
407000
407007
407011
407019
407020
407021
407022
407024
407030
407036
407043
407047
414059
414060
414149
414157
414241
414325
414328
414332
414899
431707
439951
439965
439996
440044
440068
440104
440163
440193
440275
440295
440348
440387
440435
440452
440482
440518
440533
440603
440689
440738
440822
440894
440896
440955
440957
440993
441081
441089
441116
441178
441308
441376
441425
441430
441495
441509
441549
441608
441631
441666
441951
442191
442213
442582
442862
442867
442868
442900
444882
474170
493829
493861
494115
494143
503835
541471
541565
541578
548313
548596
552889
554202
554235
554282
574042
574453
574476
574507
574537
594855
595135
606500
619190
619208
619279
619505
619570
619571
642273
642402
642446
642559
642612
642658
642778
642799
642946
642968
642987
643161
643418
643707
643827
643836
643837
643853
643866
644054
644150
644414
644511
644634
644945
645104
645191
645323
645644
645811
645840
645864
645974
646000
646023
646508
646754
646851
646915
646938
647042
647044
647135
647219
647264
648987
649330
649946
652276
652995
653238
653275
653319
653464
653489
653604
653659
653687
653689
653820
654322
654466
664701
664709
677768
677769
677772
677776
677793
677798
677802
677806
677812
677814
677817
677823
677825
677829
677838
677842
677882
677885
692073
692092
692093
692099
692158
692227
693185
693207
693221
693222
723790
727837
727851
727866
727897
727936
728116
728175
728323
728340
728361
728407
728448
728492
728577
728643
728715
728734
728741
728747
728773
728833
728888
728929
729085
729233
729234
729240
729246
729250
729252
729438
729533
729540
729627
729759
729830
729857
729873
729877
729993
730130
730268
730394
730755
731157
732253
732275
751071
767563
767582
768211
780776
780851
780852
780853
780854
100033414
100033425
100033442
100033446
100033448
100033449
100033803
100033805
100033810
100033814
100033815
100033817
100033819
100033822
100101120
100101267
100101467
100113381
100124516
100124538
100126296
100126308
100126351
100127888
100128252
100128496
100128830
100128927
100129196
100129216
100129396
100129482
100129518
100129583
100130086
100130275
100130460
100130581
100130613
100130691
100132116
100132341
100132463
100132929
100132967
100133093
100133220
100133301
100134368
100134869
100169989
100190938
100286979
100287569
100288332
100288413
100288637
100288695
100288797
100288814
100289388
100289462
100289635
100289656
100289678
100293534
100302129
100302179
100302196
100302197
100302263
100302274
100302282
100302743
100310846
100313779
100337591
100379250
100379661
100422832
100422899
100462981
100462983
100463285
100463486
100463488
100500810
100505555
100505741
100506164
100506217
100506380
100506403
100506454
100506538
100506558
100506571
100506627
100506658
100506734
100506736
100506888
100507213
100507242
100507353
100507433
100507472
100507589
100507607
100509445
100509457
100509646
100510707
100526664
100526693
100526739
100526767
100526832
100528032
100529145
100529215
100529261
100533105
100616113
100616124
100616143
100616263
100616388
100616394
100616424
100616475
100631383
100652739
100652777
100652931
100653049
100653247
100846999
100847079
100861437
100862728
100873746
100873755
100873765
100873770
100873772
100873778
100874034
100874164
100874309
100996259
100996590
100996668
100996712
100996721
100996782
100996809
100996909
100996939
101059936
101059938
101059953
101060026
101060032
101060301
101060321
101060351
101060376
101060389
101060399
101060464
101060494
101060524
101060817
101060835
101243544
101752399
101926887
101926894
101926901
101926921
101926970
101927122
101927144
101927157
101927337
101927424
101927458
101927568
101927589
101927601
101927958
101928061
101928143
101928269
101928422
101928434
101928589
101928615
101928706
101928751
101928826
101928830
101928885
101928916
101928921
101928927
101929008
101929012
101929038
101929141
101929179
101929304
101929344
101929491
101929545
101929597
101929599
101929618
101929751
101929800
101929812
101929815
101929823
101929858
101929889
101929908
101930048
101930053
101930075
101930130
101930165
101930171
101930232
101930241
101930388
101930415
101930489
101930551
101930748
101954264
101954272
101954273
102465256
102465432
102465439
102465445
102465448
102465474
102465480
102465499
102465500
102465532
102465536
102465753
102465801
102465879
102465906
102466205
102466733
102466734
102466747
102466748
102466749
102466755
102466911
102466985
102606463
102723167
102723386
102723404
102723452
102723467
102723477
102723491
102723552
102723599
102723643
102723702
102723754
102723783
102723810
102723826
102723857
102723859
102723860
102723882
102723891
102723951
102723962
102723987
102723996
102724004
102724054
102724137
102724226
102724235
102724287
102724334
102724415
102724426
102724464
102724473
102724492
102724500
102724536
102724538
102724554
102724561
102724590
102724642
102724664
102724688
102724704
102724721
102724762
102724794
102724828
102724837
102724862
102724876
102724911
102724932
102724963
102724972
102724993
102724997
102725001
102725008
102725012
102725015
102725027
102725029
102725031
102725034
102725035
102725042
102725060
102725064
102725093
102725096
102725141
102725146
102725169
102725179
102725182
102725189
102725206
102725223
102725232
102725273
102725302
102725311
102725335
102725379
102725383
102725396
102725401
102725405
102725406
102725412
102725424
102725480
102725523
102800317
103091864
103091866
9181
79094
1649
9518
3303
3552
83729
688
26471
