hsa-let-7b	 7.784718e-03	-0.0043067935	 0.0196955613	 1.236194e-02	-3.829235e-02
hsa-let-7c	-2.239254e-02	 0.0290484597	-0.0175678015	-4.148563e-03	 1.138470e-04
hsa-let-7g	-6.553675e-02	 0.0508089705	-0.0381213386	-3.448034e-02	-1.675587e-02
hsa-miR-1	 1.214862e-01	-0.2613743221	-0.0810056265	 1.239795e-01	-1.308934e-01
hsa-miR-101	-3.790766e-01	 0.1359711741	-0.2234230400	 2.648413e-01	-7.658734e-02
hsa-miR-106a	 1.702820e-03	-0.0163013870	-0.0205970553	-8.565462e-03	 1.387836e-02
hsa-miR-106b	 1.853197e-02	-0.0263124264	-0.0560171745	-1.973890e-03	-1.983984e-02
hsa-miR-453	 5.536203e-01	-0.1526458652	-0.4713343146	-2.802247e-01	 3.327051e-01
hsa-miR-453	-6.854045e-02	 0.1851504090	 0.0737081436	-2.793750e-02	 5.750028e-02
hsa-miR-453	-4.694755e-01	 0.6033257768	-0.5114597751	 7.445995e-01	-6.905141e-01
hsa-miR-453	-1.469639e-01	 0.0265556501	-0.7371620623	 9.218645e-01	-2.699560e-01
hsa-miR-130a	 3.726172e-03	 0.0104428500	-0.0336667625	-5.434063e-03	-1.096872e-02
hsa-miR-132	 2.658142e-02	 0.0049997835	-0.0232723040	 3.977607e-02	 4.281532e-02
hsa-miR-135a	 1.215701e-01	-0.1882158402	 0.1674651242	-3.669008e-01	 4.566701e-01
hsa-miR-135b	 3.631166e-01	-0.1642997890	 0.5181753840	-3.832408e-01	-1.525286e-01
hsa-miR-141	-1.109393e-03	-0.0807371384	 0.2212279991	 7.931789e-02	-4.337309e-01
hsa-miR-453	-6.763843e-02	 0.0088101605	 0.2833812866	-3.275089e-02	-6.528883e-03
hsa-miR-453	 1.990583e-01	 0.0985310015	-0.3422576180	-9.951011e-02	 4.759054e-01
hsa-miR-453	-1.107549e-01	 0.6884275254	-0.2830568373	-2.926467e-01	 4.128438e-01
hsa-miR-148a	-6.367676e-01	 0.0713307651	-0.3723176720	 2.444910e-01	-2.281847e-01
hsa-miR-148b	-1.256302e-01	 0.0443365873	-0.7576564910	 1.111027e-01	 3.177196e-01
hsa-miR-152	-4.070623e-02	-0.0174278152	-0.0364057933	-7.629113e-02	-1.266402e-02
hsa-miR-453	 9.216119e-02	 0.1522148170	-0.3594820692	-3.524583e-01	 1.504129e-01
hsa-miR-453	 9.770931e-02	-0.3150373752	 0.1969457796	-2.644486e-02	 1.489606e-01
hsa-miR-154	 4.508083e-02	 0.0862500996	-0.3102578419	-3.497378e-01	 3.383302e-01
hsa-miR-15a	-8.685617e-03	 0.0110007410	-0.0922039232	 7.291948e-02	-2.819846e-02
hsa-miR-15b	-1.026177e-02	 0.0053108767	-0.0487432524	-3.297306e-02	-2.539658e-02
hsa-miR-16	-7.548188e-03	 0.0220250659	 0.0005189331	 1.108768e-03	 2.432048e-03
hsa-miR-17	 7.454267e-03	-0.0194597446	-0.0163912003	 6.979198e-04	 1.065933e-02
hsa-miR-181a	 2.128830e-02	-0.0032119906	 0.0097500448	 2.465744e-02	 3.319794e-03
hsa-miR-181b	 2.083183e-02	-0.0053825623	-0.0071049178	 1.157829e-02	 8.030833e-03
hsa-miR-181c	 4.018127e-01	-0.3758160536	-0.1285743988	 3.797807e-01	 1.436251e-01
hsa-miR-181d	-1.143895e-01	 0.0486958685	 0.0723665853	 2.617461e-02	-3.711273e-03
hsa-miR-182	 3.364793e-02	-0.0359505959	-0.0340467354	-3.745724e-02	-3.952883e-02
hsa-miR-453	-9.081284e-02	 0.1130210512	 0.4613291325	-1.077303e-01	-5.541621e-01
hsa-miR-453	 4.952818e-01	-0.0506846268	-0.0006039887	-2.957725e-01	 4.490298e-01
hsa-miR-195	-1.960369e-02	 0.1868896078	 0.0348081980	-8.379265e-02	 8.705249e-03
hsa-miR-196a	-2.361075e-02	-0.0030267804	-0.1018991004	-6.836435e-03	-3.045404e-02
hsa-miR-196b	-4.119335e-01	 0.5011897411	-0.5007921744	 2.047680e-01	 7.436727e-02
hsa-miR-453	 1.306349e-01	 0.0300568885	 0.0258123114	 1.089272e-01	 6.642783e-02
hsa-miR-453	-2.854524e-02	-0.0972432037	 0.1359231375	-2.964660e-02	 6.462569e-02
hsa-miR-453	 7.094736e-03	 0.1869876533	 0.0131878679	 9.106812e-03	-3.584670e-01
hsa-miR-19a	-2.772370e-02	-0.0704743169	-0.1163380591	 4.688238e-02	 1.307492e-01
hsa-miR-19b	 4.980769e-03	-0.0122851044	-0.0615839853	 1.485727e-02	 1.115629e-05
hsa-miR-200a	 6.017071e-01	-0.2347287627	-0.2941738380	 4.264819e-01	 3.875706e-01
hsa-miR-203	-4.406042e-01	-0.0480408695	 0.7977047556	-5.022758e-01	-2.535759e-01
hsa-miR-453	 1.061497e-01	 0.4026090678	-0.4192265786	 1.498467e-01	 4.530676e-01
hsa-miR-206	-2.082989e-01	 0.2311105529	-0.1235100901	-5.011941e-02	 2.010057e-01
hsa-miR-20b	-1.170532e-02	-0.0243008021	-0.0253370339	-1.143191e-02	 3.669121e-02
hsa-miR-211	 7.780726e-01	-0.5510815366	-0.1888678452	 2.305607e-01	-2.159121e-01
hsa-miR-453	 3.233048e-01	 0.0891754589	-0.3070709895	 1.359026e-01	-2.357819e-01
hsa-miR-453	 2.521901e-01	 0.2907067449	-0.2883380428	-4.927131e-01	 2.731967e-01
hsa-miR-453	-6.331764e-02	 0.0674563180	 0.3042814064	 1.255117e-01	-3.382953e-01
hsa-miR-212	-2.865518e-01	 0.5266855995	-0.4384161657	-6.626440e-02	-1.230974e-01
hsa-miR-214	-5.575430e-01	 0.8730183808	-0.7372584450	 8.749260e-02	 2.150063e-01
hsa-miR-218	-1.194971e-01	 0.2476545226	-0.4329292476	 1.630306e-01	 6.327276e-01
hsa-miR-221	-7.616395e-03	 0.0070210496	 0.0001510810	 5.917030e-03	 1.837478e-03
hsa-miR-222	-1.036383e-03	 0.0067656702	-0.0066339498	 4.323968e-03	-1.060193e-03
hsa-miR-453	 4.418445e-01	-0.4652832723	-0.0938911832	-3.325843e-02	-3.313555e-01
hsa-miR-25	-2.254709e-02	 0.0215767464	-0.0046291007	 5.890897e-03	 2.554220e-03
hsa-miR-26a	 8.618775e-03	 0.0198523061	 0.0178430733	-6.543033e-03	-1.239881e-02
hsa-miR-26b	-3.143453e-01	-0.2309455537	 0.0714787896	-1.003024e-01	 5.491381e-02
hsa-miR-27a	-2.779551e-02	 0.0043854558	 0.0150352514	 3.800692e-02	 2.444918e-02
hsa-miR-27b	-4.913067e-02	-0.0674784908	-0.1441714145	-5.162738e-02	 4.297483e-02
hsa-miR-453	 9.926227e-03	-0.0554492242	 0.1909958044	-1.316685e-02	-1.890747e-02
hsa-miR-453	-1.732984e-01	-0.4536147568	 0.4065171082	-5.584390e-01	 6.872221e-01
hsa-miR-29a	 7.311078e-03	 0.0672032834	 0.0819700772	 3.400150e-02	 2.562972e-02
hsa-miR-29c	 2.833724e-01	-0.1236085575	 0.4369230207	 3.176748e-01	 6.122811e-01
hsa-miR-302b	-2.051768e-01	-0.0974936051	-0.3567593353	 2.704411e-01	-1.072446e-01
hsa-miR-302d	-3.362714e-01	 0.4753492869	-0.5727181571	 2.283827e-01	-1.020990e-01
hsa-miR-453	-8.759507e-02	 0.2203982087	-0.2970247468	-3.261998e-01	 6.099819e-01
hsa-miR-453	-5.161943e-01	-0.1290584560	-0.1322948551	 7.120710e-01	-6.340876e-01
hsa-miR-30b	-4.613189e-02	 0.0618731768	-0.1725226437	 1.383411e-02	 1.523259e-02
hsa-miR-30c	-2.257568e-02	 0.0116510747	-0.0285301785	 1.139015e-02	 4.510690e-03
hsa-miR-30d	 7.236020e-03	-0.0240290656	-0.0427371129	-5.076238e-03	-1.997040e-02
hsa-miR-30e	-2.000892e-01	 0.0214915269	 0.0186614723	 2.888737e-01	-9.777478e-02
hsa-miR-453	-1.385442e-01	 0.1566650122	 0.1985195803	-8.853058e-02	 4.394579e-01
hsa-miR-453	-1.077881e+00	 0.2284888293	 0.0766229407	 1.146062e-01	 1.868846e-01
hsa-miR-453	-3.413615e-01	 0.2923338727	-0.4827748720	 5.480195e-02	-1.154289e-01
hsa-miR-453	 9.140741e-02	 0.1020554246	-0.1463472704	-8.953225e-02	 8.340530e-02
hsa-miR-453	 3.313877e-01	-0.2149670301	 0.4979268366	-5.032998e-01	 2.054863e-01
hsa-miR-453	 2.282117e-01	-0.5229720530	 0.7193539958	-1.470301e-01	-2.956483e-01
hsa-miR-453	-1.689869e-01	 0.1642605435	-0.2455281990	 1.172981e-01	-4.055846e-01
hsa-miR-453	-5.045094e-01	 0.0733868742	-0.1608423332	 9.013541e-01	-3.502947e-01
hsa-miR-453	-4.845233e-01	 0.3619281506	 0.2297664731	-2.591080e-01	 9.660701e-03
hsa-miR-453	-6.513886e-02	-0.0963802246	 0.1674679290	-1.615368e-01	-1.372569e-01
hsa-miR-453	 1.908295e-01	 0.0331671452	 0.1889337043	-1.613152e-01	 5.463339e-01
hsa-miR-453	 5.755760e-01	-0.1813397580	-0.4799606870	 6.841386e-01	-3.695966e-01
hsa-miR-453	-7.861003e-02	 0.6154278233	-0.4810705468	 1.178958e-01	 3.546449e-01
hsa-miR-453	-1.014723e-01	-0.0027712293	 0.1325482694	-4.867851e-01	 6.076786e-01
hsa-miR-453	-5.232479e-01	-0.2628248698	 0.3960154115	-2.348091e-01	-5.569889e-01
hsa-miR-453	-5.728380e-01	 0.0549093695	 0.4083769018	-1.643962e-02	-4.620903e-01
hsa-miR-453	-1.029400e-01	 0.4207754981	-0.0677562375	 7.541177e-02	-2.696759e-01
hsa-miR-453	 6.623273e-01	-0.4986140200	-0.1463687281	-4.618342e-01	-2.309191e-01
hsa-miR-453	 2.479377e-03	 0.0094592731	 0.0731796105	-2.052118e-02	-1.546580e-02
hsa-miR-453	 2.655945e-01	 0.2890620161	-0.1217515477	 1.903801e-01	-2.073784e-01
hsa-miR-453	 5.100385e-02	 0.2385735199	 0.3914341459	-5.046824e-01	 2.341264e-02
hsa-miR-453	-1.071136e-01	 0.1417846523	 0.3475483091	-6.591469e-01	 5.188840e-01
hsa-miR-453	-4.737993e-01	 0.5435568565	-0.3113775409	-9.971329e-02	 4.443909e-01
hsa-miR-453	 8.335509e-02	 0.4701550602	-0.3762913506	-5.892038e-02	 2.137016e-01
hsa-miR-453	 1.764100e-01	 0.2584725137	-0.5993278553	 1.320010e-01	 6.581205e-01
hsa-miR-453	 8.183846e-02	 0.1710024103	 0.0455624750	-9.588228e-02	 2.051774e-01
hsa-miR-453	 5.358414e-01	-0.1239857651	 0.0047843556	 6.323411e-02	 4.591293e-01
hsa-miR-453	-2.636130e-02	-0.1510682877	 0.3580488670	-4.763438e-01	 1.740829e-01
hsa-miR-453	-5.777071e-01	-0.0292100246	 0.4052464307	-2.437802e-01	-3.447715e-01
hsa-miR-453	 9.421136e-02	 0.2034387857	-0.0538214342	 5.262684e-01	-3.087662e-01
hsa-miR-453	 6.140650e-01	 0.2750999917	-0.7159271456	 8.673264e-02	 9.228802e-02
hsa-miR-453	 1.890449e-01	 0.2269533206	 0.1039820646	-3.977558e-01	 6.849745e-02
hsa-miR-453	-4.361282e-01	 0.0042680733	 0.2747572205	-3.718039e-01	 7.870859e-02
hsa-miR-453	 5.163112e-01	-0.4312228249	 0.7455170395	-7.975528e-01	 5.071267e-01
hsa-miR-453	 3.310288e-01	 0.0501133527	-0.2612594078	-3.073690e-01	 2.150011e-01
hsa-miR-453	 2.825296e-01	 0.2382305202	-0.6147261695	-8.291514e-02	-1.619609e-01
hsa-miR-453	 9.058438e-02	 0.0467296426	-0.0583844001	-2.008848e-02	 5.377512e-01
hsa-miR-453	-2.931627e-01	 0.0380236881	 0.2352154995	 1.038566e-01	-1.377437e-01
hsa-miR-453	 1.349499e-01	-0.0714051111	-0.1231467171	 1.398942e-01	 4.265640e-03
hsa-miR-453	-2.369957e-01	 0.0684141881	 0.1911983319	-4.932316e-01	 3.859963e-01
hsa-miR-453	-1.149883e-01	 0.1028909893	 0.3957590993	 8.530441e-04	 6.083838e-03
hsa-miR-453	 3.516279e-01	 0.0692151978	-0.4835314687	 5.048717e-01	-5.958591e-01
hsa-miR-453	 3.158752e-02	-0.0099120146	 0.0349244456	-4.081442e-02	-2.969783e-02
hsa-miR-453	 8.379631e-02	-0.0045463388	-0.3175540693	-1.591396e-02	-1.910415e-01
hsa-miR-453	 5.645972e-01	-0.0961364077	-0.5104927650	 5.431864e-01	 1.599118e-01
hsa-miR-453	-5.799924e-01	 0.5770309996	-0.2256166527	 5.394262e-04	-5.017934e-01
hsa-miR-453	-8.484571e-02	-0.1479698747	 0.4668516009	-6.144933e-03	-3.047328e-02
hsa-miR-453	-4.291268e-01	 0.4531196909	-0.3547949886	 9.641832e-01	-7.889308e-01
hsa-miR-453	-1.319288e-01	-0.0136691426	-0.1084434088	 5.552918e-01	-3.793431e-01
hsa-miR-453	-2.687959e-01	 0.2094115483	 0.4137118846	-1.788150e-01	 4.105401e-01
hsa-miR-453	-4.791195e-01	 0.6484534316	-0.8318675567	 3.114497e-01	-1.680502e-01
hsa-miR-453	 4.925775e-02	-0.2283496051	 0.0722192542	-3.525337e-01	 2.642984e-01
hsa-miR-453	-4.065990e-02	 0.0272143680	 0.1715864574	-3.091809e-02	 1.652154e-02
hsa-miR-453	 1.200391e-01	 0.0755802182	 0.0302353177	 1.649569e-01	 8.428578e-02
hsa-miR-453	-4.892793e-01	 0.0468610573	-0.3670868647	-2.815846e-01	 6.740295e-01
hsa-miR-453	 1.644264e-01	-0.1621121296	 0.5048695249	-2.275843e-01	-1.504590e-01
hsa-miR-32	-4.867476e-01	 0.2117479915	-0.4568641883	-3.456790e-02	 7.199066e-01
hsa-miR-453	-1.120079e-02	-0.0117715616	 0.1052892181	-1.838945e-01	 6.398066e-02
hsa-miR-453	-7.063991e-02	-0.2559069058	 0.1315132180	-4.951125e-02	 9.927069e-03
hsa-miR-453	 5.128299e-02	 0.0122532153	-0.0515806325	 4.978267e-03	 3.678891e-02
hsa-miR-323-3p	-6.738288e-01	 0.5774404399	 0.0402666569	-1.313736e-01	 2.796799e-01
hsa-miR-453	 3.783759e-01	-0.6748754431	 0.6346834545	-6.950413e-01	-1.775061e-02
hsa-miR-453	 4.563189e-02	-0.4656095571	 0.5041329591	-9.011509e-02	 5.959993e-01
hsa-miR-338-3p	 8.976121e-01	-0.4629875023	 0.2004801949	-1.884604e-02	-2.353398e-01
hsa-miR-33a	-5.512559e-02	 0.0634768075	 0.2833378152	-1.901454e-01	 2.549523e-01
hsa-miR-346	 1.439456e-01	-0.3376906740	 0.5546008706	-5.693508e-01	 2.679803e-01
hsa-miR-34a	 6.320396e-03	-0.0019923302	 0.0118730620	 4.503318e-02	 2.387880e-02
hsa-miR-34b*	-4.249603e-01	-0.2655216158	-0.1125653152	 2.979252e-01	-3.195791e-01
hsa-miR-365	 4.162921e-01	-0.1731204612	 0.2907161039	-5.499112e-01	-1.465905e-01
hsa-miR-367	 8.997463e-02	 0.0128668057	 0.1660767155	 3.735696e-01	-2.738242e-01
hsa-miR-372	 5.652602e-02	 0.3835717852	-0.4273778719	-2.980775e-01	 3.922133e-01
hsa-miR-453	 4.128589e-02	 0.0868105565	 0.3011405385	-3.947016e-01	 3.774979e-01
hsa-miR-453	 3.310799e-02	-0.0471251067	-0.0901175043	 1.726555e-02	-1.358384e-02
hsa-miR-410	-5.432876e-01	 0.2853239803	 0.0635214497	-1.201389e-01	-2.971494e-01
hsa-miR-453	 1.756290e-02	 0.2109437581	-0.5222613524	 2.428737e-01	-3.970201e-02
hsa-miR-453	-1.869411e-01	 0.1996825187	 0.2462290429	-5.567415e-01	 5.093715e-01
hsa-miR-453	-4.344297e-01	 0.4873601407	-0.0123174134	 2.338489e-01	-1.109865e-01
hsa-miR-453	-3.279749e-01	 0.3815469615	-0.3111172646	-2.900014e-01	 5.061098e-01
hsa-miR-453	 2.812732e-01	-0.1939997718	 0.4955695528	-4.986104e-01	 2.440843e-02
hsa-miR-453	-6.945258e-01	 0.5078650686	-0.0348527463	-1.684256e-01	 2.818527e-01
hsa-miR-453	 3.853807e-01	 0.1809017899	-0.0836130206	 1.247973e-02	 3.289043e-01
hsa-miR-453	-9.057316e-02	 0.0745114848	 0.1186924010	-2.338407e-01	-3.300246e-02
hsa-miR-453	 3.746826e-01	 0.3265444763	-0.2289354303	-2.535304e-01	 2.893705e-01
hsa-miR-453	-2.808954e-01	-0.4777376745	 0.4010547026	 3.617815e-02	-5.713210e-01
hsa-miR-453	-3.288654e-01	-0.4231444943	-0.0404487202	-1.555768e-01	 3.651824e-01
hsa-miR-453	 2.156975e-01	-0.0029242497	 0.2938084670	-1.203523e-01	 8.438591e-02
hsa-miR-453	-1.009437e-03	 0.1312293687	-0.3011156133	 2.120767e-01	 4.618495e-02
hsa-miR-453	-2.664668e-01	 0.0293391730	 0.4139844005	-2.796338e-01	 8.716901e-02
hsa-miR-453	-3.288334e-02	 0.1366641977	-0.0853274494	 4.643053e-01	-3.973957e-01
hsa-miR-453	 2.501703e-01	 0.1356598758	-0.0328939374	-2.187854e-01	 1.767328e-01
hsa-miR-453	-3.076610e-01	 0.5402891678	-0.2409560205	-2.818836e-01	 3.623433e-01
hsa-miR-453	 2.659380e-02	 0.0343092338	 0.0441904353	-3.240625e-01	 4.958931e-01
hsa-miR-453	 8.295426e-02	 0.6555070141	-0.6903555227	 3.702667e-02	-5.445516e-01
hsa-miR-453	 9.177548e-02	-0.0607974095	-0.0019321428	 1.363261e-02	 9.424632e-03
hsa-miR-453	-9.390361e-01	 0.2129461441	 0.0536542905	-2.043071e-02	 1.334017e-01
hsa-miR-453	-5.199505e-01	 0.3435548784	-0.3312055482	 2.020639e-01	 6.999954e-02
hsa-miR-453	 2.949933e-01	 0.4925050402	-0.3907756211	-9.948950e-02	-1.026591e-01
hsa-miR-453	 8.470811e-01	-0.5047679100	-0.0708321909	-2.459726e-01	 2.590351e-01
hsa-miR-453	-7.661322e-01	 0.3597358505	-0.0612691825	 1.195374e-01	 3.445140e-02
hsa-miR-453	-9.566730e-02	 0.8569993072	-0.4329183821	 4.665375e-02	 1.758100e-03
hsa-miR-453	-2.419446e-01	-0.1270009470	 0.2811050265	-1.709905e-01	-2.227242e-03
hsa-miR-453	 6.240090e-03	-0.6088366443	 0.6386660022	 1.391437e-01	-6.624340e-01
hsa-miR-453	-1.268877e-01	-0.0161288687	 0.5803100901	-5.746907e-01	-6.114133e-01
hsa-miR-453	-2.141288e-01	 0.6080707603	-0.5211767532	 5.167143e-01	-4.292865e-02
hsa-miR-453	 1.396379e-02	-0.0139864831	 0.2024202544	-2.226302e-02	 3.013126e-02
hsa-miR-453	 5.989854e-01	-0.5999492458	 0.9235021996	-2.316507e-01	 5.006870e-01
hsa-miR-453	-6.961667e-02	 0.0915081710	-0.0401959975	-3.935752e-02	-1.030057e-02
hsa-miR-453	-3.652676e-01	 0.1882141005	 0.1028947948	 5.071576e-01	-1.451020e-01
hsa-miR-453	-4.862958e-01	 0.8522338916	-0.0225485010	 2.623571e-02	-4.267745e-02
hsa-miR-453	-7.319793e-01	 0.4574041345	-0.4232299364	 2.043929e-01	 1.107825e-01
hsa-miR-453	 1.326730e-01	-0.1879090337	-0.2285310400	 1.648392e-01	-3.693195e-01
hsa-miR-453	-8.425512e-01	 0.7575136422	 0.3381309304	-3.424905e-01	-1.440093e-01
hsa-miR-453	 1.636026e-02	-0.0372211038	 0.0344516218	 1.094849e-01	-1.543126e-01
hsa-miR-453	-3.137768e-01	-0.0542496748	 0.9149873576	-1.284051e-01	 2.823884e-01
hsa-miR-453	 2.396978e-01	 0.4185886928	-0.2768186776	-4.190136e-01	 2.867726e-01
hsa-miR-453	-7.357465e-01	 0.4011595649	 0.5700915898	-4.510930e-01	-2.666977e-02
hsa-miR-453	 3.305620e-02	 0.6023759636	-0.5153454744	-4.654968e-01	 5.100694e-01
hsa-miR-453	 1.921021e-01	-0.0486729466	 0.5562659021	-3.026041e-01	-2.838435e-01
hsa-miR-453	-2.253713e-02	 0.3878342243	-0.6514776229	-1.703648e-01	 2.778693e-01
hsa-miR-453	 2.372918e-02	 0.0009249563	 0.0258618346	-8.716496e-03	-5.934377e-03
hsa-miR-453	-4.716596e-01	 0.2619489858	-0.1870653542	 8.282426e-02	-4.589152e-02
hsa-miR-453	 2.225987e-01	 0.0019291567	 0.1453712716	 1.123786e-01	-3.851716e-01
hsa-miR-453	-2.918668e-01	 0.0899328581	-0.0165649035	 8.466880e-03	 1.822146e-01
hsa-miR-453	 6.826068e-02	 0.2789858643	 0.0867815879	 2.086400e-01	-4.066604e-01
hsa-miR-453	 1.343541e-01	 0.3685771669	-0.5469926268	 1.558128e-01	-9.083179e-03
hsa-miR-453	-2.266483e-01	 0.2629343405	 0.0090466427	-1.702771e-01	 4.244081e-02
hsa-miR-453	-5.061888e-01	 0.6472329768	-0.2953443804	-9.968709e-02	 4.120028e-02
hsa-miR-453	-8.380571e-01	 0.5848461011	 0.1866497466	-4.315750e-02	 1.366666e-02
hsa-miR-453	 1.810079e-01	-0.1391457913	 0.0628351042	 2.081817e-01	-3.502677e-01
hsa-miR-453	 1.777058e-01	-0.0565135263	 0.1340277583	-4.598157e-01	 2.261562e-01
hsa-miR-453	-5.088113e-01	 0.4905288842	-0.1915849356	 1.279636e-01	 3.824815e-01
hsa-miR-453	-2.302273e-01	 0.5036647789	 0.1346955466	-2.820147e-01	-6.801426e-02
hsa-miR-453	-7.255222e-01	 0.4987173652	-0.6549162079	 2.192982e-01	 1.050786e-01
hsa-miR-453	 3.212127e-01	 0.0472104013	 0.1483153919	-2.048454e-01	 4.112116e-01
hsa-miR-453	-7.247030e-01	 0.4012454822	 0.2929660454	-1.525767e-01	 1.658594e-02
hsa-miR-453	-7.316619e-02	 0.3527445750	-0.1832364283	-3.246627e-02	 6.556608e-01
hsa-miR-453	 2.731001e-01	-0.0718491886	-0.1185679695	-2.191282e-01	 5.664031e-02
hsa-miR-453	 1.461644e-01	 0.1498320407	-0.1171020352	-9.533516e-02	-9.774683e-03
hsa-miR-453	-4.109073e-01	-0.0320779267	 0.3128423303	-1.036090e-01	 1.409232e-01
hsa-miR-453	 8.945303e-02	-0.1032658274	-0.0308206359	 3.572422e-01	-2.835343e-01
hsa-miR-453	-6.044606e-02	 0.4836128320	-0.1688061961	-1.250130e-01	 3.015944e-02
hsa-miR-453	 5.401015e-01	-0.7243072822	 0.5628367764	 5.066947e-01	-2.764216e-03
hsa-miR-453	-4.130719e-02	 0.1049221176	-0.2859077882	 9.770617e-01	-6.549058e-02
hsa-miR-453	 7.782133e-03	 0.1584541094	 0.0268027119	 1.138884e-01	 3.735159e-01
hsa-miR-453	-9.747506e-03	 0.1101710420	-0.1217638209	 1.105306e-01	-5.314640e-01
hsa-miR-453	 2.843162e-01	 0.1082986560	-0.6285418251	 3.549216e-01	-2.888770e-01
hsa-miR-453	-7.805412e-01	 0.6542284949	 0.2465634526	-2.863130e-01	 5.468132e-01
hsa-miR-453	 1.966631e-01	 0.1425260915	-0.3931409059	 5.678115e-01	-5.290480e-01
hsa-miR-453	 1.549241e-01	-0.2667566789	 0.3003137010	 9.429198e-02	-3.005873e-01
hsa-miR-448	 1.322468e-01	 0.0792914487	 0.0550706088	-2.869433e-01	 7.381744e-02
hsa-miR-454	-9.050599e-01	 0.5663238771	-0.0010858505	 1.354918e-02	-3.187840e-01
hsa-miR-453	 3.497510e-01	-0.3018504163	 0.2281040932	-1.148376e-01	-1.086396e-01
hsa-miR-498	-5.651683e-02	-0.0068400877	 0.2592626391	 1.969561e-01	 9.611428e-02
hsa-miR-506	-4.817696e-01	 0.4604924707	 0.3649951392	-6.174246e-01	-1.643217e-01
hsa-miR-507	 1.212571e-01	 0.0483659731	-0.4930958146	 1.246077e-02	 4.846852e-02
hsa-miR-509-3p	-2.108881e-01	-0.2946506227	 0.0621517948	 8.551496e-02	 1.032960e-01
hsa-miR-511	-1.791982e-03	-0.0959828391	 0.0139217598	 1.161631e-01	 1.679429e-01
hsa-miR-453	 2.930763e-01	-0.5261255866	-0.1550292620	 3.269390e-01	-5.988970e-01
hsa-miR-453	-9.066059e-01	 0.6817246052	-0.1076353951	-6.697246e-02	-3.598782e-01
hsa-miR-515-5p	 2.520584e-01	 0.1677906726	 0.1765807704	-1.277416e-01	-5.244838e-02
hsa-miR-516b	-1.251686e-01	-0.0368081161	 0.2827707334	 3.330850e-02	 1.920660e-01
hsa-miR-519a	 6.651833e-02	 0.3589929083	-0.5144439112	-4.012528e-02	 3.591229e-01
hsa-miR-519b-3p	-2.629126e-02	 0.5115746171	-0.4092880856	 4.133491e-01	-3.063299e-01
hsa-miR-519c-3p	-2.279661e-01	-0.1941084304	 0.2363525430	-2.146819e-01	-4.287403e-01
hsa-miR-520a-3p	 4.326440e-01	-0.5176369385	-0.3035570741	 2.229598e-01	-1.310681e-01
hsa-miR-520b	 2.765806e-02	 0.0629642864	-0.3750532515	 5.512892e-01	-1.924644e-01
hsa-miR-520c-3p	-2.966330e-02	 0.1548809129	-0.2787970987	 1.489532e-01	 1.962912e-01
hsa-miR-520e	-1.721540e-01	-0.5520574770	 0.7198790707	-3.735073e-01	 1.570454e-01
hsa-miR-526b	-4.866691e-01	 0.2920625616	-0.0552260533	 6.437646e-03	-2.422480e-01
hsa-miR-453	-7.610737e-02	-0.5364107628	 0.2853319021	 2.950264e-01	 3.674707e-01
hsa-miR-548a-3p	 2.206615e-01	-0.0511120324	 0.3294870150	-2.380740e-01	 6.256402e-02
hsa-miR-453	-5.881288e-01	 0.5342668845	-0.4037363947	 2.281644e-01	-5.045615e-01
hsa-miR-453	 3.401166e-01	-0.1117356035	 0.2284134406	-1.613653e-02	-6.255520e-01
hsa-miR-453	-4.998424e-01	-0.3674978178	 0.3810031553	 2.565452e-01	-3.712091e-01
hsa-miR-453	-1.349823e-02	 0.0802381263	-0.6709008707	 5.023688e-01	-2.326951e-01
hsa-miR-453	 3.643764e-01	-0.0537220304	-0.1042005492	-1.497215e-04	-1.180334e-01
hsa-miR-554	 3.347714e-01	-0.6907632062	 0.4440313612	-1.797397e-01	 1.386779e-01
hsa-miR-559	-1.280039e-01	 0.4550809872	-0.3366742674	 2.190377e-01	-5.993401e-02
hsa-miR-561	 3.947714e-01	-0.1201391557	-0.1593523433	 2.440066e-02	-1.244829e-01
hsa-miR-564	 7.899711e-02	 0.2121434608	-0.2001725244	 3.316048e-01	-4.441739e-02
hsa-miR-569	-2.581059e-01	 0.0431031935	 0.0179557655	 5.334407e-02	 1.691047e-01
hsa-miR-570	-6.413125e-01	 0.7710552214	 0.0837655125	-4.930364e-01	 7.850656e-02
hsa-miR-575	 2.270256e-01	-0.4596736835	 0.3400961671	-1.022663e-01	 2.298556e-01
hsa-miR-576-5p	 8.684701e-01	-0.9092451256	 0.3283749890	-6.904621e-02	 2.948637e-01
hsa-miR-578	-4.156809e-01	 0.6678837939	-0.4221554215	 1.059132e-01	-3.505066e-01
hsa-miR-586	 1.012677e-01	-0.5182789623	 0.4405454338	 1.789096e-01	-2.421989e-01
hsa-miR-587	-1.029539e-01	-0.0455790005	 0.3101198414	-5.411695e-01	 2.595624e-01
hsa-miR-588	-1.007727e-01	 0.0640676153	 0.3727179294	-5.518551e-02	 8.841494e-02
hsa-miR-603	 1.243479e-01	-0.6143816212	 1.0759254481	-7.045470e-01	 4.590122e-01
hsa-miR-605	 2.797251e-01	 0.2199276963	-0.2814432616	 4.299318e-01	-7.075089e-01
hsa-miR-606	-1.077952e+00	 0.4147154422	 0.5942515388	-7.652532e-02	-6.700565e-01
hsa-miR-607	 4.610149e-01	-0.5599832424	 0.1681343376	 4.170855e-01	 3.113395e-02
hsa-miR-612	-3.389520e-01	 0.6429588751	 0.1575377396	-1.637872e-01	 3.962396e-01
hsa-miR-619	 5.613406e-01	-0.1158490870	 0.0533593251	-2.937806e-01	 4.946310e-01
hsa-miR-630	-4.786966e-01	-0.1247618979	 0.4293109351	-2.030704e-02	 2.657541e-01
hsa-miR-650	-6.141720e-01	 0.0972713142	 0.1328705462	 3.436259e-01	 1.168122e-01
hsa-miR-654-5p	-4.796683e-01	 0.4439856452	-0.1091371324	 4.497090e-01	-6.649144e-02
hsa-miR-657	-3.747331e-01	 0.0707696049	 0.5483889868	-3.577620e-01	 1.365782e-01
hsa-miR-453	-1.492017e-01	 0.2725797850	-0.1801883465	 3.828176e-01	-2.837383e-01
hsa-miR-453	 5.942885e-01	-0.5161768291	 1.0937461989	-3.747579e-01	 9.797223e-03
hsa-miR-453	 1.094632e-01	-0.3321434836	-0.0755031304	 1.938420e-02	-4.018587e-02
hsa-miR-453	-1.484165e-01	-0.1868581142	 0.5661463163	-1.713085e-01	 5.511047e-02
hsa-miR-453	-1.566128e-02	-0.0060825207	 0.2283374880	-1.025400e-02	 1.602773e-02
hsa-miR-453	 3.247452e-01	-0.4556891547	 0.3415920843	-4.473168e-01	 2.712420e-01
hsa-miR-93	 1.357464e-03	-0.0214116369	-0.0401276993	-1.858921e-02	 6.087630e-03
hsa-miR-96	-1.492582e-01	 0.4726668703	-0.5474191168	 4.827909e-01	-4.251827e-02
